3.434, -5.877, 3
3.703, 1.330, 0
-5.697, -2.205, 2
2.944, 3.448, 1
2.697, 4.725, 1
3.426, 4.418, 1
4.390, 5.390, 1
3.976, 4.056, 1
3.998, 5.498, 1
-3.527, -1.198, 2
3.622, 6.136, 1
-4.792, -0.744, 2
-5.283, -6.848, 2
-1.831, -2.533, 2
-2.824, -1.122, 2
-5.108, -3.132, 2
-4.650, -1.997, 2
4.418, 5.938, 1
-3.882, -0.937, 2
5.115, 3.561, 1
1.673, 0.634, 0
5.441, 5.364, 1
-0.007, 2.927, 0
4.206, 4.568, 1
-5.256, -2.624, 2
-0.187, 3.755, 0
1.727, 2.113, 0
-2.400, -2.265, 2
-2.965, -1.046, 2
3.594, 1.353, 0
-0.588, -5.189, 2
-3.041, -4.317, 2
0.447, 1.951, 0
4.430, 5.558, 1
-1.540, -3.069, 2
1.731, 4.335, 0
0.065, 1.963, 0
-0.215, 0.590, 0
5.300, -3.086, 3
2.239, -4.670, 3
-4.943, -4.757, 2
-2.092, -5.391, 2
5.521, -4.318, 3
-5.839, -2.781, 2
1.825, 5.181, 1
2.290, -4.346, 3
1.796, 4.699, 1
6.881, 5.297, 1
-5.547, -4.811, 2
-0.621, 1.604, 0
-0.443, -0.126, 0
-3.610, -3.755, 2
3.272, -2.902, 3
4.236, 5.059, 1
-3.781, -3.054, 2
-5.298, -3.121, 2
-3.552, -2.865, 2
3.818, -4.308, 3
3.572, -3.766, 3
-2.934, -2.433, 2
-5.770, -5.819, 2
-5.097, -2.142, 2
3.590, 3.629, 1
-6.270, -4.359, 2
5.227, 6.379, 1
-5.694, -2.427, 2
2.949, -4.635, 3
1.847, 0.476, 0
-6.112, -2.918, 2
3.423, -5.480, 3
-4.451, -1.533, 2
-2.283, -2.688, 2
-0.388, -3.928, 2
-3.283, -3.749, 2
3.558, 5.069, 1
3.381, 5.372, 1
5.650, -3.327, 3
6.027, -4.162, 3
-5.179, -3.947, 2
3.546, 3.497, 1
1.288, 1.397, 0
3.919, 3.442, 1
3.720, 6.039, 1
3.210, 3.959, 1
3.504, 5.342, 1
5.186, -5.323, 3
3.493, -5.496, 3
-3.955, -6.893, 2
3.303, -5.621, 3
0.558, 1.843, 0
-5.249, -3.497, 2
-3.017, -1.432, 2
-4.008, -3.882, 2
4.566, 3.945, 1
2.637, 5.623, 1
3.312, -5.250, 3
-5.745, -2.622, 2
3.717, -4.557, 3
-0.296, 2.772, 0
5.394, 3.527, 1
4.430, 6.399, 1
-1.311, 2.804, 0
3.131, -3.217, 3
0.241, 1.453, 0
0.650, 3.871, 0
-7.015, -3.696, 2
0.613, 0.543, 0
5.634, 3.251, 1
-6.003, -3.963, 2
1.538, 2.910, 0
2.815, 4.875, 1
2.713, -6.283, 3
4.514, 4.839, 1
-3.951, -1.328, 2
5.539, -5.238, 3
-3.999, -1.113, 2
5.095, 4.675, 1
4.515, 3.961, 1
4.701, 4.106, 1
5.887, 4.262, 1
5.440, 4.767, 1
4.559, 2.952, 1
-4.186, -3.774, 2
5.381, 3.721, 1
-2.093, -1.240, 2
0.007, 2.029, 0
-2.875, 0.043, 2
4.480, -5.095, 3
5.077, 6.231, 1
2.088, 1.722, 0
-3.990, -4.239, 2
1.907, 4.679, 1
3.993, 3.464, 1
3.820, -4.363, 3
3.459, 5.239, 1
4.353, -5.756, 3
2.823, 1.768, 0
-7.109, -4.144, 2
4.224, 5.447, 1
4.282, -6.444, 3
4.028, -4.432, 3
3.835, -5.239, 3
5.667, -6.545, 3
5.173, 3.985, 1
0.927, 0.964, 0
1.199, 0.439, 0
4.956, -7.142, 3
-5.052, -2.524, 2
0.646, 3.090, 0
5.616, -5.701, 3
5.400, -3.748, 3
-1.704, 2.737, 0
0.988, 2.650, 0
-4.620, -4.546, 2
1.029, 2.397, 0
3.963, 4.511, 1
6.435, 4.328, 1
3.936, 5.497, 1
1.709, -3.165, 3
5.064, 4.687, 1
4.650, -4.962, 3
3.644, -6.738, 3
-1.266, 2.047, 0
0.743, 5.018, 0
2.381, 0.791, 0
-5.542, -3.763, 2
0.964, 2.871, 0
-3.904, -4.613, 2
4.255, 2.731, 1
-2.789, -4.826, 2
4.617, 4.078, 1
-5.107, -3.741, 2
-2.177, -2.167, 2
5.350, 4.682, 1
0.530, 2.933, 0
-5.905, -3.072, 2
4.469, 5.489, 1
3.956, 4.767, 1
4.035, 5.198, 1
-5.008, -2.535, 2
1.145, 0.965, 0
3.553, 7.147, 1
5.166, -6.016, 3
-4.774, -2.441, 2
4.015, 3.828, 1
0.066, 2.120, 0
-5.159, -1.841, 2
5.018, -5.165, 3
4.120, 4.161, 1
2.318, 1.828, 0
-5.247, -5.000, 2
3.566, -2.077, 3
3.504, 4.894, 1
4.233, 5.275, 1
4.561, 3.714, 1
2.371, -6.540, 3
5.161, 3.887, 1
0.445, 0.055, 0
-7.379, -3.561, 2
3.295, -7.112, 3
2.082, 1.889, 0
3.215, -6.597, 3
4.220, 5.692, 1
3.217, 4.909, 1
3.134, 4.902, 1
4.359, 4.520, 1
3.729, 6.141, 1
0.424, 1.541, 0
4.688, 5.212, 1
4.367, 2.245, 0
0.911, 1.789, 0
1.852, 3.830, 0
1.428, 4.802, 1
0.866, 1.453, 0
4.139, -6.363, 3
-4.355, -3.550, 2
2.374, 4.132, 1
3.170, 5.415, 1
4.522, 4.752, 1
2.330, -7.232, 3
-4.405, -4.354, 2
4.376, -4.374, 3
5.260, -4.035, 3
-4.133, -2.739, 2
3.275, -3.778, 3
1.070, 0.441, 0
-3.220, -4.114, 2
-4.398, -3.331, 2
3.454, 6.841, 1
3.235, 4.009, 1
1.061, 0.345, 0
-3.621, -3.967, 2
5.089, 5.645, 1
1.356, 0.520, 0
-3.861, -2.004, 2
2.596, 4.056, 1
-3.794, -3.134, 2
4.486, -4.841, 3
2.887, 2.060, 0
5.159, 4.030, 1
-3.576, -7.237, 2
5.087, -8.403, 3
4.572, 5.192, 1
3.488, -2.694, 3
5.935, 6.297, 1
-5.547, -2.825, 2
-3.699, -2.939, 2
5.482, 4.594, 1
2.208, -6.396, 3
3.515, -2.906, 3
-4.609, -2.746, 2
1.680, 2.434, 0
1.171, 2.214, 0
5.146, 5.308, 1
-5.047, -4.375, 2
3.261, 5.804, 1
3.122, 5.663, 1
-6.026, -1.518, 2
2.328, -2.699, 3
3.300, 4.082, 1
4.447, 6.235, 1
2.305, 3.815, 0
5.053, 5.353, 1
3.520, -3.390, 3
-1.300, -3.363, 2
2.057, 2.437, 0
-6.305, -4.872, 2
4.946, -5.117, 3
1.389, 6.588, 1
0.972, 1.312, 0
-3.604, -4.906, 2
-6.441, -5.641, 2
-0.167, 4.849, 0
5.263, 6.351, 1
-2.794, -2.113, 2
2.921, 4.653, 1
5.344, 5.481, 1
-6.537, -2.218, 2
0.942, 3.279, 0
3.689, 5.547, 1
-0.040, 3.072, 0
-3.675, -3.484, 2
-3.376, -1.860, 2
5.916, -4.880, 3
5.019, -5.745, 3
2.328, 5.105, 1
1.544, 6.627, 1
3.376, 5.325, 1
2.933, 5.976, 1
-4.070, -3.895, 2
5.672, 5.156, 1
2.013, -0.025, 0
-4.556, -3.288, 2
1.253, -3.125, 3
-5.430, -1.872, 2
5.121, -4.960, 3
-4.215, -3.103, 2
-2.404, -1.409, 2
4.999, 3.072, 1
0.122, 4.238, 0
0.178, 1.293, 0
6.096, -7.158, 3
-6.496, -3.722, 2
-2.979, -3.045, 2
-4.540, -1.241, 2
-4.637, -1.369, 2
1.881, 1.296, 0
2.794, -7.912, 3
-3.900, -2.867, 2
5.288, 5.888, 1
3.890, -6.547, 3
0.656, 1.525, 0
5.920, -4.499, 3
-0.472, 3.700, 0
-2.973, -0.451, 2
0.321, 1.172, 0
-4.178, 0.918, 2
-3.790, -5.108, 2
0.616, 2.695, 0
4.380, 5.426, 1
3.858, 7.227, 1
0.967, 3.206, 0
-4.346, -4.637, 2
3.598, 2.083, 0
5.070, 5.868, 1
-3.686, -2.237, 2
3.108, -4.702, 3
1.248, 1.751, 0
6.248, -6.835, 3
4.728, 6.055, 1
4.105, -4.391, 3
-2.292, -4.163, 2
3.934, 5.422, 1
1.180, 1.889, 0
-5.513, -2.367, 2
4.375, 4.786, 1
-1.001, 1.351, 0
3.185, 4.134, 1
-4.796, -2.215, 2
3.978, 5.733, 1
-3.739, -1.504, 2
3.979, -3.992, 3
5.399, 4.845, 1
-0.805, -0.582, 2
6.719, -4.034, 3
0.400, 2.687, 0
-8.094, -4.381, 2
4.932, 3.537, 1
3.936, -2.734, 3
0.756, 1.746, 0
-4.726, -2.531, 2
2.741, -4.984, 3
-2.610, -5.823, 2
-4.850, -4.158, 2
4.210, -4.961, 3
2.342, 3.591, 0
-2.531, -5.565, 2
2.750, 4.617, 1
4.265, 5.572, 1
4.107, -4.644, 3
-0.572, 1.388, 0
-6.590, -1.207, 2
-2.161, -5.197, 2
-3.999, -2.159, 2
-7.491, -3.126, 2
-4.073, -1.832, 2
2.700, 0.550, 0
-3.719, -1.517, 2
3.625, 0.280, 0
4.650, 5.168, 1
2.538, -6.550, 3
2.059, -3.886, 3
5.048, 5.629, 1
-1.232, -0.833, 2
6.228, 5.705, 1
-2.679, -5.931, 2
4.237, -3.018, 3
5.721, 4.520, 1
3.600, -6.072, 3
-4.765, -2.745, 2
2.494, -5.838, 3
3.704, 6.216, 1
2.820, -5.680, 3
-2.855, -2.917, 2
3.312, -3.713, 3
-2.288, -3.382, 2
3.457, 5.758, 1
3.871, -4.592, 3
3.952, 5.859, 1
2.424, 3.746, 1
4.009, 4.280, 1
4.354, 5.660, 1
-0.198, 1.488, 0
1.950, -3.470, 3
-4.209, -5.385, 2
-5.380, -4.115, 2
4.555, 5.512, 1
3.155, -5.025, 3
-1.757, -1.483, 2
3.442, 2.437, 0
5.411, -6.458, 3
4.634, 4.363, 1
4.923, 2.997, 1
-5.466, -2.475, 2
2.963, 4.325, 0
3.527, -5.173, 3
0.528, 2.515, 0
3.623, 5.216, 1
1.555, 1.959, 0
-5.996, -0.861, 2
-2.102, -2.707, 2
-5.591, -2.137, 2
0.621, 3.275, 0
-3.338, -1.990, 2
3.633, -7.986, 3
0.067, 1.527, 0
2.379, 4.018, 0
-2.951, -2.004, 2
4.028, -5.757, 3
-5.891, -4.078, 2
4.470, -2.925, 3
4.197, 5.137, 1
2.847, -4.560, 3
-3.593, -0.462, 2
3.604, 4.878, 1
4.286, 5.365, 1
3.517, 5.243, 1
5.037, -3.665, 3
2.532, 3.930, 1
-4.616, -3.045, 2
1.520, 0.788, 0
-7.959, -4.162, 2
6.269, -5.588, 3
-1.938, -2.829, 2
-5.100, -2.556, 2
-0.572, 2.971, 0
-1.028, 2.848, 0
4.066, -6.038, 3
3.131, 5.711, 1
1.290, 2.138, 0
2.593, -5.001, 3
-4.300, -4.672, 2
-5.764, -3.298, 2
0.460, 1.821, 0
3.356, 3.867, 1
-2.055, -2.960, 2
2.136, 4.071, 0
0.748, 2.063, 0
-2.568, -3.587, 2
0.542, 0.471, 0
-2.036, -1.848, 2
3.766, 4.857, 1
0.963, 3.287, 0
4.523, 5.499, 1
1.521, 2.355, 0
3.572, 5.777, 1
2.265, -4.915, 3
3.666, 5.564, 1
-2.083, -3.527, 2
1.066, 1.491, 0
3.456, 6.259, 1
4.752, 6.279, 1
3.839, 4.493, 1
6.008, -6.022, 3
1.983, 0.598, 0
-2.581, -1.112, 2
4.216, 3.688, 1
1.604, 2.786, 0
-5.601, -4.482, 2
1.681, 1.042, 0
2.148, -6.069, 3
5.259, 6.163, 1
1.007, 1.853, 0
-4.964, -3.827, 2
-1.847, -1.936, 2
4.586, 2.284, 0
3.700, 5.701, 1
0.636, 2.286, 0
4.966, 3.485, 1
-3.433, -2.910, 2
-3.215, -4.165, 2
5.316, -5.927, 3
3.578, 5.151, 1
1.330, 1.566, 0
-0.088, 3.888, 0
-3.149, -0.948, 2
4.545, 6.933, 1
-7.021, -2.376, 2
3.758, 5.280, 1
-2.005, -3.187, 2
1.383, 2.409, 0
-2.697, -0.672, 2
-3.461, 0.343, 2
4.228, 5.759, 1
-2.133, -2.830, 2
4.117, 5.724, 1
3.042, 1.856, 0
-1.910, -1.168, 2
3.715, 4.684, 1
4.300, -1.405, 3
3.884, -3.075, 3
-4.279, -4.264, 2
-3.599, -2.180, 2
4.581, 5.933, 1
-5.981, -3.226, 2
5.520, 5.015, 1
-4.744, -0.157, 2
2.605, 6.517, 1
4.208, -5.033, 3
1.180, 0.322, 0
4.162, 4.090, 1
2.308, 5.730, 1
-4.821, -4.258, 2
-0.497, 2.697, 0
-4.241, -2.329, 2
5.581, 6.076, 1
-2.262, -3.087, 2
3.366, 3.452, 1
3.256, 4.512, 1
2.525, 1.646, 0
-3.169, -5.545, 2
2.083, 3.136, 0
-4.394, -7.598, 2
-6.752, -2.259, 2
4.751, 3.906, 1
1.729, 1.522, 0
0.241, 2.053, 0
2.350, 5.651, 1
-0.612, 3.195, 0
4.247, 3.961, 0
5.217, -4.747, 3
-2.999, -4.724, 2
4.898, -5.120, 3
5.129, 3.085, 1
-5.011, -3.836, 2
-3.455, -4.364, 2
4.330, 6.086, 1
-6.116, -3.546, 2
-1.220, -4.128, 2
5.866, -5.501, 3
-4.511, -1.165, 2
-6.301, -3.434, 2
1.382, 1.738, 0
3.637, 5.387, 1
-3.175, -3.545, 2
2.721, 4.924, 1
-3.043, -4.117, 2
-5.939, -2.756, 2
3.543, -3.814, 3
-4.728, 0.458, 2
1.030, 3.090, 0
-6.869, -5.353, 2
-3.805, -4.107, 2
-3.808, -4.251, 2
-3.237, -1.995, 2
3.136, 6.872, 1
4.911, 4.978, 1
4.602, 5.683, 1
2.820, -2.862, 3
2.037, 2.415, 0
1.376, 2.175, 0
6.856, -4.296, 3
3.839, 6.430, 1
-4.872, -5.818, 2
1.587, 0.978, 0
-0.909, 2.391, 0
2.110, 2.143, 0
-2.654, -4.405, 2
4.045, 4.367, 1
5.015, -6.058, 3
2.678, 2.760, 0
-3.921, -3.892, 2
-4.337, -1.153, 2
4.142, 4.067, 1
3.298, -5.346, 3
4.958, -5.814, 3
3.675, 6.335, 1
5.170, 4.891, 1
4.077, 2.750, 1
0.566, -0.868, 0
-3.531, -3.355, 2
2.630, -4.653, 3
-1.737, -5.025, 2
3.326, 3.243, 0
-3.152, -1.987, 2
-4.626, -3.232, 2
4.217, 2.933, 1
-6.369, -2.514, 2
3.942, -5.151, 3
-3.644, -3.652, 2
-4.126, -3.864, 2
-5.041, -3.608, 2
0.081, 3.106, 0
-4.315, -6.527, 2
5.594, -4.409, 3
2.129, -5.212, 3
4.595, -4.284, 3
-5.259, -4.561, 2
3.066, 4.287, 1
4.574, 4.248, 1
0.651, 2.528, 0
-2.338, -3.017, 2
-5.337, -4.888, 2
-2.724, -2.699, 2
4.454, 4.826, 1
3.526, -5.843, 3
0.062, 2.591, 0
2.196, 3.211, 0
-5.502, -2.160, 2
1.394, 1.817, 0
-4.120, -3.767, 2
4.001, 5.120, 1
2.599, 5.317, 1
0.608, 1.410, 0
3.417, -3.209, 3
2.692, 4.379, 1
4.914, 5.468, 1
3.078, 3.813, 1
-4.586, -3.288, 2
-6.263, -0.650, 2
-3.609, -1.937, 2
2.452, 4.208, 0
5.594, -4.309, 3
-4.597, -5.008, 2
-3.813, -2.758, 2
-0.612, 3.432, 0
3.162, 4.707, 1
4.112, -3.743, 3
-2.486, -3.801, 2
-4.424, -3.244, 2
5.045, 5.019, 1
4.440, -4.421, 3
-2.724, -4.140, 2
-7.252, -2.803, 2
-5.825, -1.669, 2
-4.285, -0.134, 2
3.875, 4.497, 1
3.569, -5.076, 3
-1.738, 1.988, 0
4.364, 6.759, 1
1.222, 0.912, 0
3.257, -4.587, 3
-4.574, -1.817, 2
3.192, -6.253, 3
-5.333, -2.134, 2
-2.418, -5.762, 2
-3.990, -5.104, 2
3.858, 6.607, 1
-2.422, -4.132, 2
4.043, 5.301, 1
0.629, -3.311, 3
-1.083, -5.597, 2
-0.163, 0.828, 0
0.700, 2.201, 0
3.100, -6.367, 3
4.990, -4.808, 3
-2.799, -4.196, 2
3.943, 5.425, 1
-3.090, -0.736, 2
2.233, 1.011, 0
0.449, 3.420, 0
3.453, -4.205, 3
-7.486, -1.894, 2
4.006, 3.686, 1
2.730, -4.239, 3
0.993, 0.098, 0
4.115, -4.760, 3
0.918, 5.879, 1
-4.062, -1.624, 2
3.099, 5.150, 1
4.642, 5.830, 1
1.646, 6.149, 1
4.782, 4.795, 1
-1.974, -3.975, 2
3.907, 6.867, 1
4.426, 3.868, 1
-1.982, 2.654, 0
3.093, 5.535, 1
1.088, 1.363, 0
-5.807, -4.139, 2
1.090, 0.894, 0
0.657, 0.702, 0
-1.825, -4.838, 2
4.400, 5.974, 1
-3.744, -3.888, 2
-2.915, -2.639, 2
1.761, -4.297, 3
2.441, 3.715, 1
2.994, 6.079, 1
-1.459, 2.403, 0
0.978, 3.302, 0
-4.574, -3.758, 2
0.548, 1.085, 0
-2.218, -0.808, 2
-5.823, -1.703, 2
-0.609, 4.002, 0
-4.620, -0.350, 2
4.300, 3.434, 1
-3.454, -0.117, 2
-2.903, 0.485, 2
-5.264, -3.439, 2
6.754, -6.488, 3
-3.304, -3.028, 2
0.189, 1.081, 0
4.686, -6.334, 3
3.926, 5.160, 1
3.677, -6.012, 3
-5.852, -2.057, 2
-5.160, -2.687, 2
-1.765, -1.917, 2
2.179, 7.489, 1
-4.585, -2.774, 2
2.888, 5.718, 1
-1.940, -0.385, 2
-4.813, -2.629, 2
1.112, 2.189, 0
-6.315, -2.598, 2
1.352, 1.521, 0
3.500, 4.233, 1
3.728, 6.888, 1
5.183, -4.211, 3
6.154, -7.000, 3
1.794, 1.487, 0
-2.726, -1.620, 2
0.368, -0.831, 0
-3.060, -3.034, 2
-6.158, -2.771, 2
2.479, -5.007, 3
4.846, 6.907, 1
5.939, 3.377, 1
3.280, 3.046, 0
2.170, -5.971, 3
5.059, 5.788, 1
3.024, -4.475, 3
-4.112, -6.351, 2
4.036, -5.791, 3
3.865, 2.899, 1
-4.643, -0.600, 2
4.873, -5.571, 3
1.203, 4.147, 0
3.351, -2.631, 3
2.010, 1.654, 0
5.220, -4.815, 3
-6.078, -3.091, 2
5.998, -5.678, 3
4.207, 3.609, 1
2.884, 4.623, 1
-1.959, -2.882, 2
-5.068, -2.683, 2
5.200, -4.817, 3
2.008, -6.355, 3
-4.418, -2.943, 2
-6.163, -3.246, 2
-1.551, -2.185, 2
5.668, 5.804, 1
3.831, -3.874, 3
4.515, -5.459, 3
2.944, -3.406, 3
4.076, 5.319, 1
1.574, 1.295, 0
0.459, 2.858, 0
4.658, 4.874, 1
0.123, 3.882, 0
3.446, 5.674, 1
4.383, -3.991, 3
0.410, 3.799, 0
-2.991, -3.795, 2
-4.296, -2.153, 2
-0.206, 2.788, 0
2.408, 5.359, 1
1.559, 3.251, 0
-5.494, -2.560, 2
2.065, 3.336, 0
4.278, -6.248, 3
-3.696, -2.108, 2
-3.995, -2.902, 2
-3.259, -6.510, 2
4.254, -2.716, 3
1.288, 0.930, 0
3.412, 4.678, 1
0.273, 2.962, 0
-2.435, -2.414, 2
3.232, 6.117, 1
4.990, -5.134, 3
-4.883, -0.481, 2
-3.610, -2.420, 2
4.380, 5.559, 1
3.196, 4.714, 1
5.524, 4.473, 1
2.438, 2.631, 0
3.420, 4.019, 1
-4.105, -4.910, 2
4.032, -4.233, 3
-4.762, -3.648, 2
-3.005, -3.491, 2
4.466, 4.775, 1
-6.001, -3.210, 2
-5.631, -2.543, 2
3.561, 5.356, 1
4.024, 1.044, 0
3.219, -4.605, 3
-2.851, -7.713, 2
-4.906, -3.242, 2
0.342, 2.185, 0
-2.724, -1.053, 2
-4.393, -6.275, 2
-7.362, -1.774, 2
-4.240, -2.259, 2
3.868, -5.967, 3
-1.019, 1.782, 0
-1.352, -4.287, 2
-3.853, -4.762, 2
-2.335, -2.162, 2
6.044, -5.100, 3
3.521, 5.817, 1
-5.711, -3.924, 2
4.194, -5.333, 3
3.643, 4.340, 1
-2.425, 0.831, 2
2.592, 3.372, 0
-5.816, -2.950, 2
1.641, 3.447, 0
3.753, 4.791, 1
-0.861, 2.818, 0
-0.442, -2.956, 2
-3.782, -3.969, 2
-3.170, -0.848, 2
-7.538, 0.542, 2
-2.916, -2.116, 2
-2.809, -1.482, 2
-4.017, -3.307, 2
2.186, 5.973, 1
5.872, -4.419, 3
0.989, 2.985, 0
3.533, -5.209, 3
5.302, -5.293, 3
3.213, 4.488, 1
-0.531, 0.822, 0
-3.756, -3.286, 2
-5.130, -3.697, 2
3.588, 5.324, 1
4.741, 4.456, 1
-6.000, -3.156, 2
-2.308, -3.635, 2
-2.671, -3.743, 2
0.042, 1.402, 0
2.928, -6.753, 3
0.303, 1.914, 0
-6.412, -1.265, 2
2.482, -4.347, 3
-2.685, -1.644, 2
2.296, 4.635, 1
-3.409, -6.263, 2
2.507, 4.609, 1
3.015, -6.807, 3
4.560, -4.644, 3
0.334, 1.072, 0
1.838, 2.912, 0
3.014, 4.307, 1
-5.561, -5.359, 2
-3.894, -4.690, 2
0.685, 2.102, 0
-3.563, -2.126, 2
-5.968, -2.022, 2
-5.655, -1.586, 2
-2.848, -0.693, 2
2.489, 4.924, 1
3.300, 6.146, 1
1.437, 2.146, 0
-3.599, -2.884, 2
3.043, -4.407, 3
-4.335, -5.953, 2
-3.937, -2.269, 2
-2.590, -1.597, 2
6.116, -6.151, 3
-2.956, -5.808, 2
2.872, -6.638, 3
3.797, -5.406, 3
1.516, 3.779, 0
4.409, -4.807, 3
3.315, 4.463, 1
2.855, 3.858, 1
-0.395, 3.021, 0
-0.797, 2.027, 0
5.120, -6.253, 3
-3.544, -4.844, 2
-4.549, -3.978, 2
5.012, 4.529, 1
4.249, -3.213, 3
-0.027, 1.363, 0
-4.601, -6.241, 2
2.756, 5.112, 1
-0.502, 1.452, 0
-5.345, -4.580, 2
4.971, 4.818, 1
3.058, -3.940, 3
-5.190, -3.597, 2
4.536, -8.189, 3
-6.468, -2.489, 2
-2.934, -4.964, 2
-3.831, -3.899, 2
2.324, -5.299, 3
1.624, 3.691, 0
-1.130, -3.983, 2
4.817, 7.200, 1
0.472, 1.512, 0
3.405, 5.397, 1
4.669, -5.851, 3
1.501, 0.063, 0
4.846, 6.083, 1
-2.160, -4.449, 2
0.715, 3.656, 0
-3.035, -5.883, 2
6.529, -4.865, 3
3.084, -5.830, 3
5.985, -3.275, 3
3.441, 2.797, 1
-4.209, -1.554, 2
-6.459, -4.307, 2
0.378, 2.730, 0
4.486, 4.881, 1
2.852, 1.994, 0
4.052, -6.857, 3
4.337, -3.347, 3
-4.484, -4.568, 2
5.677, 3.368, 1
1.041, 2.903, 0
5.238, -5.177, 3
3.117, 6.623, 1
2.311, 3.938, 1
6.504, -5.306, 3
1.496, 1.144, 0
4.183, 4.902, 1
5.114, -6.749, 3
-3.032, -2.314, 2
5.270, 4.030, 1
3.897, 6.070, 1
0.661, 4.350, 0
3.478, 4.033, 1
3.989, 5.892, 1
1.813, -6.108, 3
-5.570, -4.353, 2
3.963, 4.605, 1
-4.437, -2.487, 2
2.804, -3.754, 3
3.891, -5.946, 3
4.525, 4.282, 1
3.214, 3.507, 1
2.535, -4.175, 3
-3.034, -3.435, 2
4.755, -4.692, 3
4.104, 4.798, 1
0.606, 3.336, 0
-2.690, -3.440, 2
2.974, -4.894, 3
4.373, -4.858, 3
2.012, 4.302, 0
3.029, -4.412, 3
-7.355, -3.118, 2
3.441, 6.028, 1
3.261, -4.051, 3
3.327, 4.828, 1
4.177, 6.724, 1
-4.453, -4.382, 2
3.785, -4.238, 3
-5.794, -2.458, 2
-3.826, -3.937, 2
4.570, 5.697, 1
1.418, 0.888, 0
5.494, 4.385, 1
-1.782, -3.564, 2
2.279, 4.417, 1
1.174, -6.152, 3
-1.703, 3.568, 0
-7.353, -2.103, 2
1.810, 4.157, 0
-2.545, -3.130, 2
-4.615, -4.452, 2
-3.196, -4.941, 2
5.615, 5.987, 1
-2.608, -4.221, 2
-4.460, -5.390, 2
4.674, 5.662, 1
-2.400, -4.103, 2
5.041, -6.289, 3
3.255, 5.100, 1
-4.582, -4.049, 2
3.359, 3.895, 1
4.371, 3.788, 1
4.602, -7.210, 3
-1.541, -4.270, 2
-4.345, -2.855, 2
5.342, -6.476, 3
5.011, 6.045, 1
1.244, 1.436, 0
-3.751, -0.834, 2
-0.160, 1.700, 0
-5.326, -0.558, 2
1.245, 3.176, 0
2.459, 4.695, 1
5.019, 5.602, 1
4.723, -3.722, 3
5.514, 1.982, 0
1.772, 1.480, 0
4.375, -4.573, 3
1.031, 2.989, 0
1.921, 1.785, 0
2.312, 1.871, 0
5.565, 5.442, 1
2.048, 2.605, 0
0.501, 0.628, 0
-3.748, -2.318, 2
3.255, 3.048, 0
6.237, 4.972, 1
2.976, 6.633, 1
5.509, 4.169, 1
0.895, 3.054, 0
5.208, 3.570, 1
2.676, 3.111, 0
1.269, 2.878, 0
-4.014, -2.021, 2
-1.558, -3.039, 2
1.983, 0.764, 0
5.729, -5.734, 3
4.430, 2.563, 1
1.941, 0.836, 0
-1.517, 0.787, 0
5.159, -4.774, 3
-4.150, -1.892, 2
3.509, 6.056, 1
-1.888, -6.276, 2
3.511, 5.133, 1
-3.534, 0.055, 2
0.033, -3.352, 2
4.021, -3.447, 3
-1.657, -1.827, 2
-3.496, -5.624, 2
0.895, 3.016, 0
-6.949, -2.751, 2
-4.267, -4.148, 2
-4.569, -2.647, 2
3.869, 4.827, 1
1.607, -4.941, 3
0.617, 2.926, 0
-4.264, -3.854, 2
4.666, -5.023, 3
0.159, 2.437, 0
-3.144, -1.996, 2
1.560, 2.563, 0
2.631, 5.997, 1
3.166, 5.879, 1
-4.754, -2.186, 2
-6.584, -4.177, 2
6.053, -5.777, 3
5.722, -4.052, 3
-7.169, -3.948, 2
5.090, 5.626, 1
4.809, -5.690, 3
-5.267, -1.012, 2
-6.536, -2.349, 2
4.493, 3.266, 1
-3.376, -4.906, 2
2.486, -4.513, 3
1.704, -4.744, 3
5.885, 5.322, 1
4.353, 5.099, 1
4.951, -5.370, 3
-3.989, -4.931, 2
-4.898, -1.565, 2
2.341, -6.311, 3
-3.332, 0.187, 2
4.042, -3.164, 3
-2.491, -4.911, 2
-3.523, -4.331, 2
-4.828, 0.709, 2
4.068, -3.607, 3
3.914, 3.187, 0
-7.510, -2.243, 2
2.763, -7.921, 3
2.396, 4.967, 1
-1.287, -3.214, 2
4.438, 4.771, 1
4.543, 5.729, 1
5.467, -5.456, 3
3.281, -6.165, 3
3.861, -5.856, 3
-4.267, -4.093, 2
2.324, -4.753, 3
0.019, 1.472, 0
4.217, 5.726, 1
3.392, 3.707, 1
0.224, 1.992, 0
-3.757, -4.298, 2
2.580, -5.260, 3
1.112, 0.140, 0
1.680, -4.544, 3
-2.857, -5.265, 2
2.440, 1.782, 0
4.294, -2.851, 3
4.022, 3.045, 1
1.068, 1.266, 0
-6.871, -2.735, 2
3.321, 5.271, 1
-7.128, -5.246, 2
3.962, -5.784, 3
4.693, -3.038, 3
2.784, 4.936, 1
-4.143, -2.767, 2
2.701, 3.580, 1
-3.854, -2.898, 2
4.412, -4.172, 3
-2.993, -4.256, 2
3.409, 7.196, 1
-0.894, 0.611, 0
-4.588, 0.269, 2
5.734, -5.396, 3
3.632, 4.322, 1
-4.973, -5.461, 2
-1.908, -3.239, 2
-1.908, -4.111, 2
3.857, 4.020, 1
-3.660, 1.837, 2
5.020, -7.261, 3
1.412, -4.396, 3
0.500, 0.639, 0
4.570, -4.395, 3
2.686, 5.509, 1
4.207, 5.250, 1
-1.442, -2.251, 2
3.730, 4.882, 1
-5.189, -3.224, 2
-4.059, -2.732, 2
-4.777, -2.596, 2
0.922, 2.433, 0
3.304, -5.496, 3
5.247, 5.609, 1
0.369, -0.248, 0
1.422, 1.228, 0
4.356, -4.929, 3
5.501, 3.012, 1
-4.073, -2.567, 2
5.015, 6.213, 1
0.818, 0.177, 0
3.350, -5.506, 3
1.629, 1.736, 0
3.608, 5.429, 1
-0.481, 2.544, 0
5.716, 4.092, 1
6.630, -7.076, 3
3.355, -5.172, 3
0.329, 2.443, 0
-3.864, -1.603, 2
-4.095, -4.019, 2
4.872, -6.647, 3
-1.856, -0.658, 2
2.144, 5.526, 1
3.231, 5.075, 1
-0.660, 1.373, 0
-1.098, 3.967, 0
-5.864, -1.322, 2
5.001, -3.528, 3
3.963, 5.478, 1
1.377, 5.606, 1
-6.251, -2.806, 2
-4.361, -0.397, 2
-3.218, -1.146, 2
3.949, 6.049, 1
-1.434, -2.274, 2
5.020, 4.710, 1
-4.802, -2.762, 2
4.264, 6.932, 1
0.791, 2.204, 0
2.021, 2.893, 0
0.557, 0.777, 0
-2.787, -2.695, 2
3.864, 4.857, 1
-2.696, -2.277, 2
4.485, -6.379, 3
1.432, 2.733, 0
4.724, 4.428, 1
4.071, -4.045, 3
-2.154, -2.971, 2
-5.102, -3.076, 2
4.975, 5.208, 1
5.867, 5.697, 1
-4.294, -4.373, 2
-5.477, -3.453, 2
3.480, 3.970, 1
2.069, -0.260, 0
4.706, -7.348, 3
-4.905, -1.081, 2
2.624, -5.764, 3
2.109, 4.716, 1
3.513, 5.999, 1
0.864, 2.209, 0
0.545, 4.324, 0
-6.616, -2.378, 2
3.370, 4.095, 1
-3.601, -1.874, 2
4.845, 4.710, 1
2.181, 2.496, 0
-2.241, -3.434, 2
2.783, 5.482, 1
-7.518, -2.792, 2
4.531, -4.342, 3
3.549, 3.758, 1
3.747, 4.253, 1
1.288, -0.313, 0
-5.913, -4.465, 2
2.672, 4.592, 1
1.856, 3.309, 0
0.404, 2.166, 0
-2.772, -3.416, 2
-4.357, -2.742, 2
-7.053, -1.810, 2
2.716, 2.336, 0
3.312, -7.440, 3
-0.071, 1.001, 0
4.169, -3.619, 3
5.585, -6.428, 3
-4.129, -2.787, 2
-3.916, -2.924, 2
1.571, 1.101, 0
5.771, -4.426, 3
0.102, 0.921, 0
2.619, -5.384, 3
-5.950, -0.717, 2
-2.829, -2.168, 2
-2.790, -2.775, 2
2.523, 1.781, 0
2.045, 3.319, 0
-4.858, -3.321, 2
-5.575, -4.538, 2
3.758, 5.343, 1
2.625, -5.043, 3
4.105, 5.970, 1
-1.783, -2.405, 2
3.480, 4.460, 1
-6.232, -0.348, 2
-5.840, -1.693, 2
-2.621, -2.305, 2
2.129, 7.206, 1
4.925, -4.933, 3
-4.179, -4.574, 2
2.514, 3.782, 1
-5.640, -2.467, 2
-5.347, -4.340, 2
4.249, -6.176, 3
5.463, 5.077, 1
4.091, -6.034, 3
3.449, 6.483, 1
4.109, 3.644, 1
3.357, 5.963, 1
5.159, -5.636, 3
4.580, 4.659, 1
2.264, 0.351, 0
4.256, 5.472, 1
5.817, 4.351, 1
4.754, 6.546, 1
0.198, 2.665, 0
3.255, 2.143, 0
-4.218, -0.531, 2
-1.584, -1.905, 2
5.753, -4.183, 3
0.684, 2.532, 0
4.816, 5.812, 1
-3.765, -3.691, 2
1.348, 2.494, 0
3.775, 3.965, 1
3.810, -6.114, 3
-5.166, -2.833, 2
3.658, 0.378, 0
4.995, -5.895, 3
-6.210, -1.300, 2
0.692, 3.563, 0
1.922, 2.724, 0
4.745, 5.930, 1
-2.786, -5.169, 2
-2.665, -1.159, 2
5.485, -5.194, 3
3.374, -5.698, 3
3.259, -4.033, 3
-1.997, -5.899, 2
0.114, 1.126, 0
-4.459, -3.417, 2
3.563, -7.292, 3
-2.162, -4.536, 2
2.421, 6.115, 1
3.962, -6.159, 3
4.146, 6.146, 1
1.428, 1.841, 0
1.131, 3.678, 0
-5.289, -2.464, 2
4.027, -3.612, 3
4.851, 5.937, 1
3.332, -4.613, 3
-1.665, -3.395, 2
-4.135, -5.875, 2
6.158, 4.876, 1
4.880, 4.695, 1
3.282, -6.057, 3
-5.364, -1.591, 2
4.238, -7.389, 3
0.519, -0.026, 0
-4.335, -2.565, 2
-4.455, -0.874, 2
-1.223, -0.653, 2
-0.623, 0.614, 0
2.385, -3.289, 3
5.080, -4.415, 3
-2.698, -2.675, 2
0.553, 2.386, 0
4.298, 4.970, 1
4.657, 6.696, 1
4.389, -1.853, 3
-5.711, -3.883, 2
0.867, 2.064, 0
2.530, 3.187, 0
0.388, 3.041, 0
-3.561, -3.103, 2
0.509, 2.205, 0
0.012, 0.986, 0
1.415, 1.769, 0
4.213, -4.579, 3
4.376, -4.564, 3
-3.467, -2.974, 2
4.873, 4.458, 1
3.555, 1.224, 0
-0.637, 2.950, 0
-2.886, -1.293, 2
3.102, 3.965, 1
4.049, -4.424, 3
0.540, 2.390, 0
-3.230, -3.054, 2
4.281, 2.526, 1
4.857, -5.342, 3
6.724, -4.898, 3
3.937, 6.067, 1
4.546, 5.154, 1
2.118, -5.262, 3
-5.338, -3.403, 2
2.781, 2.867, 0
-2.525, -2.923, 2
1.481, 1.817, 0
3.454, -3.746, 3
-1.237, 1.511, 0
3.193, -3.325, 3
4.434, 6.499, 1
-3.546, -2.926, 2
1.077, 1.145, 0
-2.696, -2.535, 2
-5.070, -4.191, 2
0.920, 1.097, 0
-4.778, -2.855, 2
2.435, 3.205, 0
3.712, -4.394, 3
3.552, -4.164, 3
3.012, 4.512, 1
-5.531, -2.280, 2
5.828, -4.259, 3
4.974, -4.007, 3
-3.189, -0.684, 2
-4.558, -0.917, 2
-6.195, -0.600, 2
3.464, 5.968, 1
3.067, 4.262, 0
0.980, 1.370, 0
-2.856, -3.381, 2
-5.598, -2.314, 2
3.076, 4.165, 1
-5.017, -1.675, 2
-0.884, -4.256, 2
-3.546, -2.355, 2
2.659, 5.430, 1
2.940, 4.646, 1
5.513, 4.774, 1
-0.343, 2.879, 0
3.245, 4.622, 1
2.770, -4.781, 3
-3.765, -5.892, 2
-6.040, -2.275, 2
1.900, -5.795, 3
-5.397, -3.333, 2
2.201, 6.747, 1
3.524, 4.734, 1
2.903, 6.623, 1
-1.590, -5.650, 2
4.559, 3.440, 1
3.525, -2.098, 3
3.123, 4.291, 0
2.810, 3.642, 1
2.805, 5.963, 1
0.449, 3.347, 0
-4.122, -2.833, 2
-3.005, -2.551, 2
2.785, 6.309, 1
2.907, 5.569, 1
2.688, -4.973, 3
3.525, 5.718, 1
-4.147, -3.278, 2
-5.662, -0.642, 2
0.298, 1.503, 0
-2.401, -2.633, 2
4.588, -4.117, 3
1.131, 2.113, 0
4.529, 4.266, 1
-4.688, -4.033, 2
2.941, 5.367, 1
1.989, 2.984, 0
-3.421, -4.344, 2
3.940, -3.558, 3
-1.897, -3.848, 2
3.220, -5.993, 3
4.373, 3.771, 1
5.932, -4.285, 3
-4.273, -4.365, 2
2.946, 5.052, 1
-4.937, -1.533, 2
-0.192, 1.806, 0
3.716, 5.201, 1
-4.594, -0.679, 2
-3.626, -5.692, 2
3.825, 5.844, 1
-5.372, -3.411, 2
-3.352, -1.671, 2
-1.818, -3.998, 2
-0.060, 2.192, 0
-5.675, -0.178, 2
3.059, 5.126, 1
2.603, 4.015, 1
1.023, 0.896, 0
4.307, -4.174, 3
-7.061, -3.985, 2
0.628, 2.064, 0
4.243, -6.254, 3
1.763, 1.802, 0
-5.873, -3.635, 2
4.855, 6.458, 1
-6.740, -2.323, 2
4.098, 6.065, 1
-2.964, -1.081, 2
4.194, -4.040, 3
6.898, 5.756, 1
-3.953, -0.483, 2
-0.252, 4.027, 0
4.835, -6.403, 3
6.657, 3.992, 1
6.033, 5.640, 1
3.783, -6.685, 3
3.670, -3.811, 3
-5.019, -1.234, 2
-5.801, -1.553, 2
1.909, 5.077, 1
1.679, 3.862, 0
3.354, -5.301, 3
-2.234, -4.176, 2
5.392, -6.879, 3
5.624, 5.744, 1
-6.336, -1.876, 2
3.687, 5.223, 1
4.760, -4.504, 3
4.958, -5.682, 3
5.084, 4.218, 1
-6.453, -0.929, 2
-3.493, -2.019, 2
3.942, -4.388, 3
-0.252, 2.647, 0
-0.341, 2.599, 0
5.648, -4.390, 3
3.389, -4.243, 3
0.158, 4.368, 0
3.258, 4.458, 1
1.176, 0.767, 0
3.046, -3.895, 3
-7.185, -4.679, 2
-2.889, -3.177, 2
5.232, -6.706, 3
0.051, 1.470, 0
2.486, -5.136, 3
-1.318, -0.266, 2
3.894, 3.823, 1
3.986, 5.965, 1
-0.612, 3.267, 0
4.495, 5.919, 1
3.254, 4.160, 1
-1.217, 0.807, 0
1.299, 0.469, 0
3.930, 5.182, 1
-3.645, -2.871, 2
3.406, -3.131, 3
2.302, 1.532, 0
4.829, 4.416, 1
-3.980, -2.204, 2
1.541, 2.689, 0
-6.267, -2.229, 2
4.616, 4.394, 1
-2.976, -3.978, 2
-6.546, -2.821, 2
4.771, -3.712, 3
3.767, -5.285, 3
-6.374, -1.522, 2
-4.224, -3.632, 2
-4.137, -2.136, 2
3.418, 4.217, 1
-4.298, -1.844, 2
1.786, 4.485, 1
2.608, -3.670, 3
-2.370, -4.786, 2
3.550, 6.341, 1
-4.156, -2.149, 2
0.780, 1.772, 0
3.858, 4.898, 1
-5.024, -3.669, 2
3.194, -3.440, 3
3.786, -4.687, 3
2.761, 5.689, 1
-4.152, -2.577, 2
-5.514, -4.603, 2
3.079, -7.062, 3
0.621, 2.753, 0
-0.988, 2.296, 0
4.279, -4.345, 3
3.142, 6.054, 1
3.497, -6.994, 3
4.399, 4.511, 1
1.993, 1.689, 0
5.586, -3.789, 3
-4.497, -2.649, 2
4.474, -6.514, 3
0.171, 2.483, 0
4.412, 3.721, 1
0.049, 0.446, 0
-3.177, -4.329, 2
-5.246, -5.033, 2
-5.714, -3.287, 2
-6.482, -1.787, 2
3.891, 3.692, 1
3.475, -4.265, 3
-3.514, -3.642, 2
0.881, 1.107, 0
3.874, 5.080, 1
-5.038, -4.247, 2
-6.385, -5.432, 2
5.394, 3.561, 1
1.598, 3.503, 0
-5.459, -2.928, 2
4.006, 4.933, 1
3.277, 7.283, 1
-3.737, -5.753, 2
-4.860, -3.932, 2
3.375, 5.710, 1
-3.461, -4.612, 2
0.742, -5.488, 3
3.117, -5.782, 3
1.092, 0.069, 0
-4.851, -3.046, 2
3.782, 3.403, 1
4.453, 4.400, 1
-3.102, -2.883, 2
1.857, 1.479, 0
-4.403, -2.760, 2
2.414, 0.814, 0
4.196, 6.549, 1
-7.949, -2.769, 2
-3.307, -2.507, 2
2.040, 5.353, 1
4.963, -4.488, 3
2.557, -5.918, 3
0.154, 0.475, 0
-4.007, -2.706, 2
4.039, 4.661, 1
-0.479, -0.266, 0
-5.212, -3.715, 2
4.146, 5.007, 1
4.632, -2.358, 3
4.929, -5.795, 3
-4.564, -2.392, 2
-0.864, 0.535, 0
5.275, -3.951, 3
-5.011, -2.691, 2
1.666, 3.073, 0
2.944, 5.131, 1
3.258, 4.117, 1
5.333, -7.482, 3
2.570, -7.017, 3
6.416, 3.818, 1
3.835, -3.440, 3
-3.549, -3.237, 2
3.734, -4.675, 3
5.768, -7.030, 3
-4.182, -2.848, 2
-1.449, -1.353, 2
-3.675, -1.475, 2
3.002, 4.559, 1
4.392, -6.740, 3
-5.201, -3.413, 2
3.582, -7.222, 3
1.748, -5.369, 3
-2.101, -3.372, 2
2.908, 1.061, 0
5.077, 5.254, 1
4.156, -3.925, 3
-3.464, -2.836, 2
-5.822, -4.336, 2
4.195, 3.718, 1
1.213, 1.563, 0
3.071, 4.706, 1
-2.339, -2.034, 2
0.803, -2.039, 0
-2.950, -5.287, 2
-0.540, 2.248, 0
3.252, -6.852, 3
-1.890, -6.554, 2
0.348, 3.612, 0
1.180, 0.214, 0
-5.379, -3.857, 2
0.577, 0.654, 0
2.613, 5.028, 1
4.179, -5.945, 3
3.555, 4.625, 1
2.746, 4.086, 1
2.330, 6.405, 1
3.182, 1.619, 0
1.723, -5.656, 3
1.104, 0.995, 0
-4.397, -3.381, 2
-4.030, -3.569, 2
4.195, 5.950, 1
4.460, 3.831, 1
1.563, 2.665, 0
1.131, 4.015, 1
2.443, 5.511, 1
-3.128, -3.275, 2
4.253, -6.826, 3
1.294, 4.072, 0
4.762, -3.544, 3
-1.080, 3.515, 0
3.954, 3.513, 1
4.576, -6.034, 3
-3.330, -3.041, 2
4.817, 3.640, 1
3.731, -4.955, 3
-3.284, -6.832, 2
-2.066, -0.990, 2
5.932, -6.563, 3
0.425, 2.481, 0
3.014, -7.074, 3
-5.904, -2.607, 2
-4.684, -5.299, 2
2.242, 6.816, 1
2.451, -4.185, 3
4.925, -3.708, 3
-3.888, -5.149, 2
3.475, -4.356, 3
2.113, 6.259, 1
-5.699, -3.304, 2
4.237, 6.157, 1
4.229, -6.977, 3
6.249, -6.352, 3
3.803, -3.755, 3
3.955, 6.275, 1
2.038, 3.343, 0
-4.082, -2.698, 2
-4.851, -0.563, 2
-3.459, -4.402, 2
6.222, -4.927, 3
2.535, 6.295, 1
4.057, 5.646, 1
2.768, 5.466, 1
-4.042, -3.240, 2
-4.440, -2.898, 2
-0.044, -3.455, 2
1.944, -1.327, 0
-2.653, -5.748, 2
-0.725, 2.097, 0
-0.757, 2.564, 0
-0.500, 4.368, 0
0.253, -4.307, 2
3.930, 5.861, 1
4.895, 4.787, 1
2.668, 5.460, 1
5.592, -3.881, 3
-4.946, -1.759, 2
-6.581, -2.937, 2
-1.645, -3.326, 2
4.982, 2.961, 1
0.580, 1.700, 0
4.111, 4.945, 1
5.866, 5.956, 1
-5.578, -0.712, 2
-3.923, -4.871, 2
-5.346, -3.209, 2
-6.469, -3.432, 2
-3.123, -2.622, 2
6.685, -4.205, 3
4.469, 5.809, 1
4.143, -5.656, 3
-1.807, -3.020, 2
3.518, 7.214, 1
3.855, 5.314, 1
3.642, -3.448, 3
0.401, 2.788, 0
3.464, 4.527, 1
5.363, -4.946, 3
4.526, 5.494, 1
3.749, 5.320, 1
0.250, 3.558, 0
-0.579, -0.405, 0
-0.571, 0.997, 0
3.051, -4.191, 3
3.432, 2.457, 0
-1.436, -5.943, 2
1.818, 3.448, 0
-7.443, -0.621, 2
-4.664, -1.957, 2
-3.043, 0.474, 2
3.915, -3.537, 3
4.572, 3.768, 1
-4.796, -1.697, 2
1.844, -6.848, 3
-3.754, -1.852, 2
4.134, 4.631, 1
-0.224, 2.331, 0
3.878, 3.946, 1
-3.804, 1.151, 2
4.069, -3.789, 3
3.666, 5.300, 1
0.452, 2.271, 0
3.945, 5.274, 1
-3.661, -3.371, 2
2.839, 6.237, 1
0.142, 2.420, 0
-0.060, 2.401, 0
4.893, 4.841, 1
0.378, 0.697, 0
-7.541, -3.726, 2
-2.568, -3.551, 2
-3.214, -3.345, 2
3.485, 4.444, 1
-1.542, 1.819, 0
0.467, 3.252, 0
3.621, 5.051, 1
4.187, 5.658, 1
-2.871, -0.895, 2
3.822, 5.498, 1
1.253, -0.251, 0
2.169, 3.707, 0
2.804, -4.334, 3
-3.011, -2.395, 2
-5.651, -4.298, 2
-0.508, -0.948, 0
-4.518, -3.376, 2
-6.117, -1.533, 2
4.019, 4.474, 1
-4.137, -3.123, 2
0.053, 2.672, 0
1.313, 2.523, 0
-2.754, -3.738, 2
2.388, 6.030, 1
1.668, 4.933, 1
2.876, 5.051, 1
5.843, 5.606, 1
-1.358, -2.739, 2
5.538, -6.063, 3
-5.813, -2.499, 2
0.748, 3.578, 0
2.438, 3.697, 0
4.472, -3.878, 3
3.879, -5.227, 3
3.042, 4.709, 1
-0.357, 3.384, 0
2.137, 1.382, 0
2.877, -4.863, 3
0.245, 0.037, 0
3.358, 5.900, 1
-1.938, -5.859, 2
3.193, -4.603, 3
3.375, 4.669, 1
2.072, 4.053, 1
4.158, 5.246, 1
4.354, 5.629, 1
-4.562, -2.818, 2
2.763, 5.179, 1
4.349, 6.959, 1
5.054, 4.137, 1
4.837, -7.129, 3
3.606, -4.840, 3
4.192, -4.256, 3
3.941, 5.663, 1
-3.040, -4.323, 2
-0.994, -2.899, 2
-5.677, -4.620, 2
6.913, -5.635, 3
1.551, 3.197, 0
-1.479, -3.571, 2
2.477, 5.155, 1
-0.327, -0.681, 0
-4.676, -1.454, 2
-3.207, -3.728, 2
-2.882, -5.618, 2
-3.564, -3.186, 2
4.341, -7.717, 3
1.785, 0.893, 0
-0.672, 1.310, 0
-1.556, 0.499, 2
5.708, -5.522, 3
4.576, 5.258, 1
-5.466, -1.620, 2
-2.131, -5.502, 2
2.531, 3.879, 0
-6.171, -3.626, 2
3.860, -7.299, 3
4.130, 4.521, 1
2.407, 1.912, 0
2.874, 5.185, 1
-0.503, 1.463, 0
-6.417, -1.288, 2
4.149, 4.682, 1
4.721, -5.147, 3
-0.555, -1.158, 2
0.851, 2.894, 0
4.875, 4.003, 1
-1.099, 2.180, 0
4.632, 5.959, 1
3.820, 3.417, 1
-2.594, -0.103, 2
5.631, -4.839, 3
3.664, 5.955, 1
-4.150, -3.160, 2
-4.736, -4.304, 2
-5.236, -3.743, 2
3.313, -3.266, 3
1.509, 2.099, 0
4.450, -4.638, 3
1.318, 1.273, 0
-1.094, -3.328, 2
4.127, 4.590, 1
3.892, 3.572, 1
3.850, -2.899, 3
3.165, 6.527, 1
3.054, -5.372, 3
3.849, -4.083, 3
0.602, 1.542, 0
3.636, -5.084, 3
4.201, 3.884, 0
-3.929, -0.923, 2
-6.708, -5.176, 2
5.101, -4.991, 3
2.791, 4.133, 1
-4.790, -1.125, 2
0.969, 1.543, 0
-2.464, -2.639, 2
-5.202, -3.339, 2
4.619, 4.150, 1
-3.244, -4.657, 2
1.948, 1.145, 0
1.256, 3.144, 0
4.046, 4.685, 1
2.757, 6.261, 1
-2.997, -1.099, 2
-3.501, -3.879, 2
-4.623, -1.014, 2
2.314, 0.664, 0
-5.348, -2.516, 2
-3.461, -5.558, 2
3.749, 6.417, 1
4.835, 4.289, 1
2.995, 4.969, 1
2.903, 3.673, 1
3.518, -5.595, 3
1.565, 2.861, 0
-7.803, -4.795, 2
-3.699, -3.429, 2
4.656, 4.925, 1
-6.162, -3.011, 2
3.611, -4.762, 3
-1.529, -1.235, 2
-2.782, -7.089, 2
5.306, 4.475, 1
5.264, 7.884, 1
3.263, -7.033, 3
-3.678, -3.160, 2
2.667, -3.595, 3
1.852, 2.323, 0
-2.697, -3.439, 2
3.902, 4.341, 1
-3.704, -2.376, 2
-5.452, -4.507, 2
4.934, -5.411, 3
4.854, -6.897, 3
4.459, 5.017, 1
-4.703, -2.457, 2
-5.793, -2.733, 2
5.793, 4.818, 1
-3.425, -2.523, 2
-0.493, -5.032, 2
3.970, -4.476, 3
3.692, -5.590, 3
-4.062, -2.272, 2
-6.404, 0.918, 2
-2.075, -4.466, 2
-2.682, -4.984, 2
3.210, -3.898, 3
1.327, 1.961, 0
-1.541, 2.707, 0
-5.107, -3.000, 2
2.968, 3.914, 1
0.254, 3.025, 0
-5.187, -3.442, 2
-4.556, -1.734, 2
1.638, 3.025, 0
0.460, 3.254, 0
-3.296, -4.024, 2
4.391, 5.485, 1
-3.657, -2.405, 2
4.431, -4.738, 3
4.390, 5.616, 1
-0.236, 0.520, 0
-0.147, 3.122, 0
5.317, 6.256, 1
-3.734, 0.157, 2
3.561, -3.881, 3
2.180, 2.484, 0
4.501, -5.660, 3
-4.373, -2.422, 2
-5.044, -6.243, 2
-3.901, -3.568, 2
4.806, 5.196, 1
3.780, 3.622, 1
-2.894, -0.525, 2
2.506, 4.084, 0
6.035, -4.880, 3
4.671, 5.208, 1
2.890, 4.862, 1
4.402, 4.355, 1
3.739, -4.393, 3
0.562, 1.734, 0
4.427, 5.902, 1
2.854, 2.106, 1
-3.927, -3.103, 2
4.364, 6.281, 1
-4.805, -3.840, 2
0.413, 0.529, 0
1.340, 2.266, 0
-1.433, 4.073, 0
-2.177, 0.630, 2
4.546, -4.305, 3
3.670, 5.690, 1
3.147, -5.328, 3
-0.235, 4.616, 0
2.078, 4.020, 1
4.022, 4.906, 1
-0.804, 2.489, 0
4.517, -5.359, 3
-0.852, 1.980, 0
-4.831, -3.205, 2
-3.992, -5.624, 2
3.702, 1.468, 0
2.425, 4.948, 1
3.799, 1.629, 0
-3.321, -0.242, 2
-6.080, -2.218, 2
-4.305, -2.913, 2
1.570, 0.606, 0
-2.010, -2.604, 2
2.318, 5.952, 1
2.852, -4.760, 3
-3.471, -1.043, 2
-4.147, -4.631, 2
5.783, 7.184, 1
-3.461, -3.095, 2
-6.271, -1.889, 2
5.806, 5.152, 1
0.908, 1.343, 0
3.561, -4.317, 3
-4.551, -4.222, 2
2.577, 1.497, 0
4.024, 4.374, 1
1.969, 4.515, 1
3.646, -3.826, 3
0.944, 0.803, 0
2.101, -6.312, 3
3.250, 4.222, 1
3.809, 4.919, 1
-3.717, -5.632, 2
0.538, 3.101, 0
2.805, -5.810, 3
-5.438, -3.417, 2
0.946, 2.343, 0
3.211, -3.300, 3
2.385, 4.132, 1
2.542, 2.965, 0
-3.710, -6.051, 2
-6.024, -1.207, 2
-4.116, -2.830, 2
4.549, -4.448, 3
4.270, 5.195, 1
3.742, -5.172, 3
-4.654, -3.185, 2
4.991, 4.070, 1
3.875, 4.385, 1
1.598, 1.521, 0
-0.064, 2.855, 0
4.398, -4.405, 3
0.418, 1.651, 0
-0.530, 2.739, 0
3.666, -3.764, 3
0.207, 0.207, 0
0.135, 0.282, 0
-7.677, -4.368, 2
4.075, 4.126, 1
-3.230, -4.768, 2
-3.089, -3.137, 2
3.350, -4.030, 3
-0.294, 0.481, 0
4.871, 5.233, 1
0.471, 1.046, 0
4.565, -4.961, 3
2.323, -5.323, 3
4.570, 3.670, 1
-1.658, -1.583, 2
5.922, -5.276, 3
3.187, 0.847, 0
7.092, -3.000, 3
3.023, 5.867, 1
3.736, 4.523, 1
1.108, 1.181, 0
4.063, -4.169, 3
4.201, 6.237, 1
2.459, -4.159, 3
-2.964, -3.843, 2
5.124, 5.457, 1
4.063, 5.788, 1
-2.466, -2.139, 2
3.976, -6.119, 3
4.961, 6.798, 1
-2.792, -1.557, 2
3.359, -4.461, 3
-0.175, 1.144, 0
4.270, -6.302, 3
3.533, -5.749, 3
2.883, -5.034, 3
5.397, -3.844, 3
2.385, -4.114, 3
4.014, -5.126, 3
-5.385, -4.078, 2
-5.926, -3.300, 2
-3.661, -3.122, 2
0.425, 2.336, 0
-5.357, -4.175, 2
2.214, 2.535, 0
-3.235, -1.814, 2
1.343, 2.007, 0
4.729, 4.437, 1
2.424, 4.955, 1
4.577, 5.672, 1
2.068, 6.790, 1
2.013, -5.565, 3
6.106, 4.384, 1
3.448, 4.847, 1
1.777, 0.669, 0
4.086, 4.554, 1
-5.022, -6.437, 2
3.554, -4.906, 3
1.944, 2.349, 0
-3.932, -4.324, 2
-4.601, -0.834, 2
4.606, 3.738, 1
3.830, 4.874, 1
0.096, 3.945, 0
0.042, 2.235, 0
4.548, 4.061, 1
4.289, 4.801, 1
5.193, -6.270, 3
1.191, 1.574, 0
3.601, -5.334, 3
-6.411, -2.592, 2
3.529, 5.045, 1
5.096, 7.146, 1
1.464, 3.585, 0
6.511, -4.268, 3
2.347, 1.533, 0
2.746, 4.746, 1
2.409, -3.881, 3
3.629, 4.277, 1
4.050, 3.446, 1
1.746, 1.506, 0
-1.776, 2.544, 0
5.164, 4.676, 1
0.834, 2.122, 0
3.959, 2.490, 1
-0.012, 1.739, 0
-2.109, -1.680, 2
-2.790, -4.264, 2
-5.932, -4.001, 2
-1.374, -4.042, 2
-5.346, -2.873, 2
1.487, 2.635, 0
1.603, 3.586, 0
4.259, 5.060, 1
2.040, -4.226, 3
-3.553, -3.113, 2
5.902, -6.367, 3
-4.780, -4.754, 2
0.299, 1.476, 0
-5.866, -2.809, 2
-1.597, -2.925, 2
5.315, 5.258, 1
5.805, -3.957, 3
3.093, -4.702, 3
2.327, 5.705, 1
6.225, -5.912, 3
-4.129, -3.799, 2
3.367, -4.811, 3
3.007, 4.415, 1
0.624, 1.792, 0
-4.012, -5.660, 2
-4.108, -3.854, 2
-2.226, -0.582, 2
-3.353, -1.842, 2
-2.171, -3.960, 2
1.943, 5.578, 1
-7.029, -3.096, 2
1.084, 1.496, 0
-6.516, -4.977, 2
-0.979, -5.178, 2
4.199, 5.973, 1
1.690, 2.019, 0
6.263, -7.648, 3
3.162, 5.637, 1
-3.064, -2.014, 2
3.942, 1.999, 0
-6.222, -3.386, 2
3.173, -4.258, 3
4.914, -4.840, 3
-4.058, -3.195, 2
3.745, -4.680, 3
2.657, 4.145, 0
6.930, 4.574, 1
6.064, -6.118, 3
5.577, 4.990, 1
-3.092, -1.878, 2
5.681, 5.267, 1
5.431, 5.925, 1
5.697, 6.727, 1
3.401, 5.073, 1
-3.305, -4.486, 2
4.824, -3.920, 3
4.300, -6.597, 3
2.065, 1.790, 0
3.586, -4.324, 3
1.978, -5.497, 3
-2.938, -4.881, 2
0.845, 3.331, 0
2.425, 4.754, 1
5.838, 5.614, 1
-2.898, -3.089, 2
3.790, 3.547, 1
5.533, 4.920, 1
-1.235, -3.954, 2
0.052, -3.816, 2
-2.065, -4.836, 2
-0.090, 1.206, 0
-5.112, -2.352, 2
-2.768, -2.740, 2
-4.572, -5.133, 2
3.509, -3.866, 3
-4.575, -1.052, 2
-3.126, -2.724, 2
-2.733, -2.866, 2
4.343, -5.027, 3
4.309, 5.967, 1
0.728, 2.283, 0
4.528, 3.921, 1
4.515, 5.883, 1
2.773, 3.351, 1
-2.555, -3.626, 2
-5.298, -4.796, 2
3.383, 5.593, 1
-6.214, -4.022, 2
-2.722, -1.483, 2
3.821, -3.938, 3
4.890, 4.432, 1
3.955, -5.483, 3
5.038, 5.799, 1
4.083, -7.647, 3
2.803, -7.960, 3
4.184, 4.823, 1
-5.552, -3.341, 2
-2.471, -4.785, 2
-4.395, -3.211, 2
0.333, 4.094, 0
3.560, 5.508, 1
2.222, -0.031, 0
2.243, 2.728, 0
2.814, 6.517, 1
-3.199, -3.749, 2
3.915, 4.171, 1
-2.145, -3.633, 2
-1.843, -3.821, 2
3.033, -4.907, 3
-4.574, -1.955, 2
4.852, -3.409, 3
1.327, 5.890, 0
-4.266, -2.731, 2
0.583, -3.063, 3
4.511, 4.706, 1
4.654, 5.378, 1
-4.241, -1.534, 2
6.230, -5.453, 3
5.287, -4.576, 3
2.833, -5.373, 3
-4.295, 0.418, 2
-2.388, -1.121, 2
2.533, -5.537, 3
-3.720, -1.737, 2
3.678, -7.471, 3
6.059, 5.563, 1
0.162, 0.671, 0
5.346, -8.420, 3
-4.893, -4.046, 2
-5.080, -1.843, 2
5.065, 3.237, 1
3.988, 5.683, 1
4.784, 4.066, 1
4.586, -4.325, 3
-2.557, -5.398, 2
-4.863, -4.455, 2
-4.334, -2.559, 2
-5.024, -5.373, 2
2.844, 5.279, 1
3.911, -2.819, 3
5.227, -3.621, 3
4.259, 3.826, 1
2.484, 6.255, 1
1.110, 2.534, 0
3.209, -7.106, 3
3.667, 4.728, 1
-0.782, -2.653, 2
1.520, 1.052, 0
-4.042, -1.140, 2
-4.442, -2.617, 2
3.168, -7.451, 3
3.892, -6.577, 3
1.237, 0.760, 0
-2.878, -1.310, 2
-3.888, -3.890, 2
1.705, 1.845, 0
-4.599, -0.897, 2
3.396, 5.636, 1
4.396, 5.714, 1
4.352, -5.419, 3
5.509, -7.117, 3
2.670, 5.998, 1
2.853, 5.563, 1
1.604, -3.709, 3
4.652, -7.991, 3
-2.966, -0.634, 2
4.126, -4.767, 3
-0.320, 1.859, 0
6.327, 6.888, 1
1.926, -3.642, 3
4.412, -5.001, 3
-0.829, -2.849, 2
-5.795, -4.888, 2
3.449, 5.367, 1
-4.904, -2.234, 2
2.474, 1.108, 0
1.681, 1.182, 0
3.506, 4.361, 1
4.659, 6.129, 1
4.787, -4.993, 3
4.150, 4.450, 1
1.452, 1.268, 0
4.427, -5.146, 3
-5.817, -2.164, 2
-3.603, -3.840, 2
3.358, 5.664, 1
-4.033, -3.725, 2
3.900, 5.677, 1
-1.261, -2.948, 2
-3.874, -4.529, 2
-3.032, -4.419, 2
0.015, 3.865, 0
4.079, 4.705, 1
-4.009, -4.585, 2
-3.586, -0.935, 2
-4.375, -2.472, 2
4.065, -6.976, 3
-4.092, -1.220, 2
-6.145, -1.023, 2
1.958, 3.450, 0
-3.321, -1.570, 2
-2.453, 2.761, 0
-5.706, -4.099, 2
3.974, -5.782, 3
4.243, 4.502, 1
3.780, -3.184, 3
0.594, 2.574, 0
4.209, 1.393, 0
3.360, -6.405, 3
0.266, 2.288, 0
1.554, 5.495, 1
3.104, -4.066, 3
3.676, 5.983, 1
-4.934, -4.433, 2
-2.279, -4.171, 2
1.815, 0.104, 0
-2.871, -3.126, 2
4.303, -4.746, 3
-6.670, -7.151, 2
-4.204, -1.869, 2
-2.769, -3.726, 2
3.554, -4.116, 3
0.460, 2.393, 0
-2.416, -2.896, 2
5.209, 4.322, 1
1.383, -4.971, 3
5.421, 5.308, 1
-4.550, -3.608, 2
-0.987, 2.780, 0
4.825, -4.641, 3
6.056, -6.503, 3
-4.037, -4.077, 2
-5.180, -4.565, 2
-2.461, -2.526, 2
-6.071, -1.365, 2
-0.571, 1.489, 0
-5.343, -4.138, 2
-4.552, -1.145, 2
-5.355, -5.368, 2
5.743, 7.319, 1
3.799, -4.971, 3
3.708, -6.278, 3
-3.436, -0.970, 2
4.322, 5.390, 1
1.395, 4.590, 0
2.878, 2.909, 0
5.315, 5.782, 1
1.898, 0.390, 0
4.346, -4.644, 3
4.531, -3.539, 3
3.229, 4.598, 1
-0.822, -3.788, 2
3.369, 4.972, 1
5.509, 5.504, 1
-2.724, -2.366, 2
-5.533, -1.608, 2
3.516, 7.404, 1
3.528, 5.756, 1
0.243, -3.864, 3
5.042, 6.442, 1
5.248, -6.527, 3
-4.309, -7.571, 2
3.561, 6.073, 1
-2.986, -4.884, 2
5.127, -5.760, 3
4.402, -5.612, 3
4.689, -5.286, 3
2.663, -5.691, 3
4.023, 5.403, 1
6.468, -5.315, 3
-5.985, -3.036, 2
4.388, -5.927, 3
-4.788, -3.014, 2
-7.313, -2.871, 2
-1.167, -4.494, 2
3.827, -4.806, 3
-0.159, 2.595, 0
-4.222, -2.492, 2
-0.571, 1.387, 0
2.156, -7.259, 3
3.345, 5.083, 1
-3.556, -4.199, 2
-5.498, -4.022, 2
2.865, 5.599, 1
1.668, 3.121, 0
-0.483, 3.956, 0
0.720, 2.029, 0
5.135, 6.377, 1
5.384, 4.328, 1
0.803, 1.341, 0
1.889, -4.570, 3
0.916, 3.353, 0
-4.353, -1.428, 2
-2.127, -5.313, 2
-3.166, -2.824, 2
3.889, -4.279, 3
2.114, 1.266, 0
1.750, -6.410, 3
-3.935, -7.385, 2
3.273, 4.675, 1
-1.637, 0.331, 2
0.543, 0.942, 0
-0.600, -3.065, 2
3.353, 1.275, 0
4.954, 5.050, 1
-1.649, 0.193, 2
-4.056, -1.187, 2
3.224, 3.972, 1
4.752, -5.789, 3
0.051, -1.450, 0
4.087, 4.462, 1
-4.223, -3.132, 2
-0.160, 2.250, 0
-5.009, -0.923, 2
1.922, 1.249, 0
2.061, 5.253, 1
-3.013, -1.315, 2
-4.372, -2.640, 2
3.362, -4.728, 3
5.557, 6.266, 1
3.373, -5.019, 3
3.359, 5.503, 1
4.511, -4.023, 3
-4.227, -2.777, 2
4.228, 4.999, 1
0.125, 2.725, 0
-5.593, -1.482, 2
-5.471, -1.526, 2
4.541, -4.241, 3
-5.099, -1.162, 2
4.215, -3.779, 3
1.846, 0.681, 0
4.329, -6.215, 3
4.862, -2.917, 3
-1.928, -0.467, 2
4.604, -6.955, 3
3.898, 4.812, 1
-4.931, 1.667, 2
2.872, -3.893, 3
-5.833, -5.040, 2
4.594, 6.333, 1
-3.745, -1.266, 2
2.862, -3.674, 3
3.651, 4.091, 1
3.841, 6.377, 1
0.100, 4.521, 0
-4.096, -4.119, 2
2.719, 5.522, 1
-4.498, -2.495, 2
4.824, 5.501, 1
-4.835, -3.191, 2
-0.469, -2.682, 2
-3.918, -1.684, 2
2.398, 1.892, 0
0.220, -0.262, 0
-4.911, -4.217, 2
4.282, 4.757, 1
1.603, -6.652, 3
3.322, 2.411, 0
2.685, -3.149, 3
4.930, 3.426, 1
5.342, 3.650, 1
-4.461, -3.043, 2
4.412, -4.083, 3
4.251, 5.351, 1
-3.464, -3.751, 2
3.125, 6.477, 1
-0.161, 2.640, 0
0.411, 3.207, 0
-2.985, -3.869, 2
3.095, 5.149, 1
0.398, 1.210, 0
2.852, 5.475, 1
3.436, -3.709, 3
7.164, -3.575, 3
5.453, 4.402, 1
-4.421, -6.427, 2
4.025, -6.435, 3
3.109, 2.886, 1
3.289, 6.190, 1
-5.153, -5.224, 2
2.621, -4.984, 3
-5.352, -0.818, 2
4.939, 4.938, 1
3.431, -5.334, 3
4.718, 6.222, 1
2.758, 4.140, 1
-2.787, -2.470, 2
-1.448, -2.716, 2
6.469, 6.309, 1
-3.484, -3.024, 2
2.509, 5.006, 1
6.946, 5.663, 1
-6.792, -4.703, 2
-2.234, -4.648, 2
-4.043, -2.426, 2
-3.640, -1.147, 2
-1.594, 2.227, 0
-6.220, -3.041, 2
-5.089, -5.961, 2
0.592, 3.480, 0
3.390, -6.154, 3
4.469, 4.575, 1
-0.378, -2.363, 2
0.588, 3.140, 0
3.288, -3.127, 3
3.392, 2.918, 0
1.700, 4.390, 1
-4.186, -1.734, 2
5.792, 4.560, 1
-4.502, -5.329, 2
3.812, -6.071, 3
4.434, 5.211, 1
2.385, 2.116, 0
4.909, 4.287, 1
-3.718, -4.415, 2
4.692, 5.732, 1
4.511, 5.907, 1
-0.595, 4.398, 0
-0.339, 3.762, 0
3.441, 1.065, 0
-2.351, -3.358, 2
3.933, -3.648, 3
2.323, 3.269, 1
-4.152, -1.057, 2
4.395, 5.049, 1
-0.300, -5.286, 2
5.528, 5.030, 1
4.003, 5.224, 1
3.434, 4.387, 1
4.971, 5.066, 1
4.621, -6.740, 3
2.705, 4.802, 1
-3.667, -3.158, 2
0.165, 2.209, 0
4.447, 7.013, 1
1.386, 3.665, 0
1.970, 3.976, 1
4.889, 5.014, 1
3.961, -3.200, 3
3.462, 2.792, 1
4.496, -4.723, 3
1.036, 0.554, 0
3.512, 4.066, 1
4.412, 4.287, 1
-1.578, 4.394, 0
-7.239, -4.479, 2
4.326, -5.202, 3
5.205, 4.862, 1
4.086, -2.403, 3
-4.595, -4.696, 2
3.203, -3.988, 3
-0.023, 2.620, 0
2.958, 4.906, 1
5.882, -5.369, 3
-1.938, -2.776, 2
3.695, -4.759, 3
3.505, -2.816, 3
-4.607, -3.421, 2
5.250, 3.065, 1
5.802, 5.531, 1
-3.239, -4.882, 2
3.822, 4.897, 1
-4.382, 0.327, 2
3.206, 4.862, 1
2.691, 1.640, 0
4.873, 5.778, 1
4.087, 7.447, 1
6.089, 3.825, 1
0.787, 1.617, 0
4.880, 5.754, 1
-4.400, -2.041, 2
4.674, 4.493, 1
4.479, 5.036, 1
1.397, 1.825, 0
4.741, 4.728, 1
4.402, -4.597, 3
0.250, -3.585, 2
-4.956, -1.548, 2
3.692, 5.512, 1
0.038, -1.778, 2
0.386, 1.271, 0
-4.501, -2.025, 2
4.836, -4.996, 3
4.472, 4.200, 1
0.425, 1.507, 0
-3.670, -1.541, 2
-4.191, -1.509, 2
-0.223, 0.971, 0
-3.753, -2.608, 2
-1.086, 2.539, 0
1.900, 1.311, 0
4.177, 5.168, 1
3.156, 5.158, 1
-5.669, -3.843, 2
-1.991, 3.514, 0
4.336, 4.703, 1
2.737, 4.545, 1
-5.232, -1.122, 2
5.824, -7.271, 3
-3.279, -3.627, 2
3.916, 3.256, 1
2.352, 6.213, 1
3.142, 4.738, 1
-6.486, -5.118, 2
-4.061, 0.441, 2
2.932, -9.101, 3
0.363, 1.833, 0
3.328, 5.175, 1
-0.186, 2.438, 0
3.927, 4.945, 1
-2.271, -0.898, 2
2.233, 2.009, 0
0.564, 0.529, 0
5.555, 5.508, 1
2.985, 2.483, 0
-3.979, -6.349, 2
1.549, 4.680, 0
2.474, 5.403, 1
-3.419, -2.500, 2
-0.223, 3.126, 0
0.973, 1.146, 0
0.627, 3.477, 0
4.996, 6.027, 1
0.569, 2.588, 0
3.653, 5.590, 1
-2.450, -1.862, 2
3.205, 2.749, 1
-5.021, 0.347, 2
-0.419, 3.150, 0
-1.821, -1.552, 2
3.040, 4.633, 1
-3.441, -1.548, 2
2.099, 2.236, 0
-5.072, -1.924, 2
3.175, -5.611, 3
-1.678, -4.664, 2
-4.201, -2.565, 2
6.199, -5.590, 3
-4.340, -3.267, 2
-2.969, -1.587, 2
5.142, 3.780, 1
1.872, 1.659, 0
-3.292, -3.898, 2
2.770, -3.322, 3
1.633, 2.831, 0
4.279, 4.544, 1
-3.833, -1.942, 2
-2.975, -2.345, 2
-6.275, -1.106, 2
-3.653, -3.818, 2
-2.559, -2.658, 2
3.776, 5.744, 1
-5.930, -2.973, 2
3.827, 4.482, 1
-2.516, -2.069, 2
4.585, -4.785, 3
-0.291, 2.637, 0
-2.256, -4.446, 2
4.552, 4.756, 1
4.045, -7.870, 3
-2.316, -4.972, 2
-4.112, -1.439, 2
-8.058, -4.446, 2
4.167, 4.446, 1
1.274, 0.630, 0
4.593, 5.673, 1
4.643, 3.321, 1
3.661, -4.996, 3
2.523, 0.396, 0
6.109, 4.592, 1
3.369, 5.553, 1
4.418, -4.751, 3
4.238, 3.683, 1
-6.407, -3.040, 2
3.651, 5.918, 1
-2.354, -3.232, 2
3.359, 1.547, 0
-0.508, 1.255, 0
-1.930, -1.912, 2
-5.688, -3.680, 2
2.363, -4.889, 3
-4.836, 0.124, 2
-4.334, -3.112, 2
-1.401, -2.377, 2
4.234, 8.251, 1
-2.122, -4.498, 2
6.273, 5.425, 1
-7.701, -4.878, 2
-5.027, -3.716, 2
-2.820, -3.023, 2
0.840, 3.170, 0
0.803, -0.175, 0
-2.666, -3.835, 2
3.043, 5.877, 1
-5.160, -1.894, 2
-3.867, -2.562, 2
-5.440, -3.286, 2
-6.591, -3.998, 2
4.233, 4.996, 1
5.306, -5.234, 3
2.634, -6.912, 3
-5.639, -1.442, 2
-2.948, -0.223, 2
4.726, -2.447, 3
-5.577, 0.040, 2
2.831, 3.958, 1
4.907, -2.030, 3
4.075, 4.961, 1
-1.679, 2.098, 0
-1.478, -3.224, 2
4.540, 5.961, 1
-1.086, 3.693, 0
4.750, 5.396, 1
2.347, 3.766, 0
4.428, 3.940, 1
-4.889, -0.641, 2
-1.633, -0.610, 2
4.336, -2.798, 3
-3.332, -4.152, 2
0.313, 3.021, 0
-5.113, -5.394, 2
1.708, 0.954, 0
-4.463, 2.524, 2
4.508, 3.546, 1
-5.558, -5.262, 2
2.900, 2.485, 1
-7.155, -1.356, 2
2.454, -5.018, 3
5.017, 4.242, 1
4.888, 5.148, 1
-6.924, -2.727, 2
4.987, -4.726, 3
-5.224, -2.669, 2
-4.036, -4.463, 2
0.292, 0.629, 0
4.135, 5.231, 1
2.696, 5.127, 1
-3.228, -3.260, 2
3.444, 3.819, 1
5.063, 3.510, 1
-5.632, -3.356, 2
3.924, 3.433, 1
-0.465, 3.690, 0
4.667, 6.449, 1
-1.242, 0.063, 2
4.186, -3.876, 3
2.459, 3.780, 1
4.077, 5.853, 1
-4.759, -5.084, 2
2.792, 0.976, 0
4.679, -5.207, 3
-6.566, -3.566, 2
0.600, 1.327, 0
4.263, 5.257, 1
1.286, 1.795, 0
1.493, 1.492, 0
-3.395, 0.684, 2
4.791, -5.169, 3
6.418, -7.038, 3
-4.667, -3.169, 2
0.660, -5.680, 3
1.598, 1.765, 0
-5.833, -4.955, 2
5.838, -4.753, 3
-1.010, 2.521, 0
2.592, 0.083, 0
0.526, 2.735, 0
-4.568, -2.316, 2
3.353, 6.270, 1
3.477, -4.480, 3
4.056, -4.487, 3
0.976, 2.372, 0
4.041, -4.520, 3
-3.385, -5.056, 2
5.813, -3.268, 3
-4.421, -3.338, 2
4.165, -5.968, 3
7.199, -5.225, 3
4.753, -6.470, 3
-5.340, -3.296, 2
1.711, 3.022, 0
2.321, 5.374, 1
0.849, 2.841, 0
1.401, -4.520, 3
-5.234, -3.029, 2
-4.869, -3.476, 2
-3.875, -3.464, 2
5.759, -4.611, 3
3.772, 5.353, 1
-3.952, -1.379, 2
2.752, -3.484, 3
-5.567, -4.421, 2
-3.152, -2.156, 2
-0.212, 1.238, 0
3.234, 4.766, 1
0.067, 2.979, 0
4.865, -7.808, 3
4.517, 6.693, 1
-3.186, -2.997, 2
-2.434, -2.794, 2
4.999, 4.987, 1
3.920, -3.612, 3
-6.390, -1.437, 2
5.318, 5.277, 1
5.301, 4.484, 1
0.324, 1.804, 0
-4.042, -5.754, 2
1.534, 2.280, 0
4.396, 4.493, 1
3.938, -2.705, 3
3.612, 5.870, 1
-2.543, -3.308, 2
5.228, 4.727, 1
-4.786, -3.032, 2
3.642, -6.403, 3
3.559, 5.171, 1
3.686, -3.758, 3
-0.460, 0.907, 0
2.908, 6.261, 1
4.135, 6.124, 1
-6.272, -1.304, 2
-5.641, -2.075, 2
-4.484, 0.679, 2
-5.738, -1.770, 2
5.422, -4.030, 3
6.273, -5.578, 3
-3.835, -3.972, 2
4.647, 5.706, 1
3.618, 4.866, 1
4.772, 5.321, 1
-5.493, -4.002, 2
-5.240, -4.832, 2
3.488, -2.631, 3
5.353, 5.268, 1
3.978, -5.563, 3
-4.876, -4.078, 2
-5.067, -4.982, 2
0.471, 2.076, 0
4.061, 5.596, 1
-4.823, -3.255, 2
-4.219, -2.306, 2
-2.736, -4.283, 2
4.421, 4.317, 1
-4.901, -3.583, 2
-5.740, -3.110, 2
2.062, 5.361, 1
2.117, 5.418, 1
3.085, -5.993, 3
-5.467, -5.647, 2
0.639, 1.489, 0
-3.702, -2.058, 2
-2.722, -1.236, 2
2.863, -6.052, 3
3.474, 5.311, 1
3.644, 3.958, 1
3.219, 4.166, 1
-2.743, -0.751, 2
5.106, -5.262, 3
4.409, 3.783, 1
4.629, -6.336, 3
-2.700, -3.531, 2
-1.335, 3.645, 0
-5.943, -3.554, 2
-4.532, -1.886, 2
-1.828, -6.298, 2
-5.308, -3.073, 2
3.530, -6.184, 3
-0.407, -3.824, 2
-2.542, -2.639, 2
2.000, 0.563, 0
-4.527, -1.694, 2
4.613, -5.526, 3
2.985, 5.431, 1
-4.379, -2.285, 2
-5.391, -1.166, 2
-5.140, -4.171, 2
-3.039, -5.421, 2
0.822, 2.311, 0
1.617, -5.312, 3
-4.030, -3.715, 2
1.269, 0.727, 0
4.631, -5.586, 3
1.942, 2.642, 0
4.546, 4.788, 1
-0.083, 2.598, 0
1.089, 0.428, 0
3.954, -7.440, 3
0.269, 2.356, 0
2.196, 0.778, 0
-1.875, -1.956, 2
3.766, 5.279, 1
0.765, 0.940, 0
4.509, -4.800, 3
-4.470, -0.392, 2
0.692, 1.467, 0
-2.149, 2.143, 0
3.170, 5.423, 1
-3.496, -1.621, 2
-2.014, -5.428, 2
1.860, 1.378, 0
2.159, 1.982, 0
5.340, 6.150, 1
2.167, -6.432, 3
-3.481, -4.047, 2
1.842, 1.202, 0
-1.824, -4.249, 2
2.643, 4.704, 1
4.423, -5.622, 3
3.341, -6.293, 3
0.368, 1.591, 0
-1.900, -3.183, 2
3.306, 5.537, 1
4.671, -5.188, 3
-3.383, -3.724, 2
-7.171, -2.849, 2
1.326, 3.721, 0
2.477, 1.080, 0
2.457, -6.133, 3
0.929, 0.993, 0
3.368, 6.314, 1
-4.240, -5.564, 2
-4.626, -5.150, 2
4.447, -4.762, 3
5.438, -7.072, 3
3.438, 5.774, 1
-0.578, 0.725, 0
-5.556, -3.092, 2
-3.832, -2.926, 2
4.634, 6.338, 1
-0.107, 0.067, 0
3.602, 5.407, 1
3.021, -2.097, 3
-5.888, -1.726, 2
-2.578, -3.825, 2
3.861, 6.288, 1
-4.189, -5.985, 2
4.374, 4.596, 1
2.750, 5.070, 1
2.083, 1.433, 0
2.447, 2.449, 0
2.998, -6.971, 3
2.950, -6.352, 3
4.671, 5.506, 1
0.111, 3.712, 0
-3.136, -4.379, 2
-3.883, -0.522, 2
2.500, -5.753, 3
1.783, 4.067, 1
4.928, 5.337, 1
0.720, 3.156, 0
-5.026, -1.278, 2
-5.372, -1.284, 2
5.080, -3.915, 3
3.912, -5.019, 3
-3.636, -3.629, 2
-7.633, -2.673, 2
1.718, 3.436, 0
4.291, 3.320, 1
-4.853, -3.020, 2
-0.283, 2.336, 0
3.184, 0.190, 0
4.812, -4.083, 3
-0.390, 1.827, 0
5.407, -3.439, 3
-3.396, -0.854, 2
3.753, 5.970, 1
1.908, 2.359, 0
-0.264, 1.998, 0
-4.749, -5.265, 2
2.356, 0.063, 0
-2.435, -3.006, 2
-4.016, -2.727, 2
1.693, 2.392, 0
5.670, 5.207, 1
2.113, 2.361, 0
-0.964, 0.181, 0
1.995, -3.724, 3
4.247, -3.897, 3
-6.076, -5.042, 2
3.863, 5.312, 1
3.602, -3.976, 3
-2.552, -4.713, 2
4.792, 6.419, 1
2.027, 5.431, 1
4.477, 5.138, 1
-1.521, -2.650, 2
1.215, 3.701, 0
4.736, -5.172, 3
-5.357, -2.991, 2
5.452, 5.567, 1
1.276, 2.743, 0
-0.052, 4.016, 0
2.248, 2.078, 0
4.396, 6.210, 1
4.582, -6.180, 3
4.960, 7.210, 1
3.697, 5.090, 1
4.374, -6.033, 3
3.657, -2.853, 3
2.301, 0.279, 0
4.610, 6.290, 1
-3.827, -1.622, 2
3.042, 7.134, 1
-4.286, -4.759, 2
2.106, 5.754, 1
-4.671, -2.950, 2
2.935, -5.307, 3
